z
-14465
-13820
-14152
-13851
-13886
-14234
-14538
-14278
-14345
-14393
-14884
-15041
-14954
-14920
-14896
-15688
-15968
-16069
-17407
-17310
-16771
-16109
-15636
-15322
-14806
-14913
-14320
-13919
-15261
-15937
-16222
-16653
-15844
-14869
-15160
-14728
-13704
-12170
-11271
-10539
-10454
-10617
-10995
-10872
-10557
-9839
-9948
-10585
-10257
-11268
-11667
-12032
-13202
-13319
-13616
-14537
-14849
-15411
-15738
-16371
-16098
-15085
-14598
-15010
-15306
-15949
-15705
-15036
-14824
-14628
-15151
-15404
-15193
-15432
-15845
-15100
-15972
-16102
-16412
-16415
-16656
-17274
-17746
-18037
-17416
-16612
-16269
-15846
-15905
-15970
-15421
-14825
-14445
-13873
-13667
-14147
-13977
-15380
-16229
-16448
-16271
-15910
-16137
-15336
-15354
-16324
-16691
-15391
-13912
-12852
-13904
-13516
-12760
-13525
-13624
-13627
-12556
-12396
-11024
-10955
-10212
-9322
-8575
-8371
-8736
-8219
-7732
-8928
-10462
-10445
-12412
-12735
-13277
-15744
-15793
-15881
-16784
-17005
-14589
-16114
-17212
-16988
-17208
-16233
-16280
-15816
-15830
-15264
-15161
-15300
-15904
-16353
-16013
-16494
-16781
-17428
-18819
-18984
-19728
-19928
-20462
-19752
-19050
-17716
-16716
-15725
-15947
-14989
-14037
-14264
-13689
-13306
-13538
-13134
-13948
-14806
-14340
-13156
-13408
-13590
-13056
-13443
-13266
-12513
-12740
-12589
-12401
-12044
-11278
-10380
-9679
-8958
-9733
-9924
-9667
-10495
-10681
-9816
-10628
-11791
-11290
-12072
-13385
-14117
-13795
-15560
-16086
-15929
-15838
-16485
-16245
-16760
-17037
-17378
-17560
-16037
-16136
-15542
-15244
-14570
-14650
-15669
-15997
-15373
-16335
-16384
-16736
-16795
-18025
-18382
-19468
-20495
-21018
-20680
-19642
-17244
-16497
-16250
-15336
-14334
-13749
-13258
-13756
-13660
-13037
-12800
-12988
-13625
-14261
-14737
-14629
-13817
-12946
-13487
-12781
-12085
-12198
-11777
-11307
-11059
-11447
-10497
-10077
-9684
-9854
-10031
-9697
-10255
-10328
-11571
-11680
-12221
-11792
-11510
-14645
-14608
-14732
-16242
-15653
-16225
-17179
-16634
-15634
-16879
-17016
-15805
-16509
-15662
-15840
-15017
-14705
-14634
-15379
-15933
-16513
-17204
-17455
-17817
-18658
-19180
-19023
-19181
-19273
-19384
-19180
-18568
-18861
-18468
-16730
-16030
-15602
-15770
-15747
-14313
-12920
-12624
-12393
-12991
-13315
-12415
-12932
-12822
-12431
-12621
-11864
-12393
-12118
-12129
-10840
-9753
-9329
-8909
-8080
-8292
-8387
-8165
-7891
-9136
-10294
-11315
-12553
-12989
-13373
-15256
-15232
-16064
-17342
-16524
-18505
-17692
-17909
-18909
-18112
-16391
-15334
-15804
-14670
-14120
-15636
-16985
-16005
-16487
-16997
-17060
-15480
-15098
-15009
-15716
-16996
-17329
-18136
-18439
-19174
-18642
-19808
-20878
-19181
-16974
-17005
-17079
-15910
-13289
-13473
-13218
-12760
-12684
-13585
-13456
-14067
-14437
-13649
-13353
-12853
-12683
-12860
-13233
-12500
-12950
-12420
-12710
-12185
-12212
-10558
-9109
-8949
-8870
-8751
-8920
-9324
-9701
-10025
-9640
-11148
-12132
-12961
-15638
-15402
-15153
-15732
-15944
-16992
-16832
-16131
-17022
-16997
-16943
-15344
-14462
-14092
-14862
-15539
-16463
-15851
-16153
-16321
-16756
-16134
-16573
-16948
-17468
-16553
-17152
-17848
-18863
-18829
-18496
-20121
-18767
-18704
-18393
-17396
-15275
-15325
-14941
-14889
-12853
-13432
-13885
-13894
-13785
-14412
-13614
-13935
-13217
-12575
-12798
-13748
-13277
-12432
-12582
-12874
-12361
-12138
-11688
-11060
-10104
-9305
-9550
-10340
-10322
-10435
-9735
-9072
-10038
-11203
-12374
-12737
-12602
-12517
-13679
-12379
-13590
-15707
-15870
-16565
-16874
-15226
-15920
-15148
-15241
-14265
-15802
-16112
-17251
-18244
-16903
-16839
-17135
-16640
-15656
-15142
-15089
-15100
-15625
-16787
-17628
-18066
-18166
-18243
-17994
-18817
-19541
-19058
-18099
-18605
-17680
-17638
-16098
-15199
-14878
-14564
-13841
-13813
-13443
-14315
-13703
-14125
-14550
-13805
-13157
-12925
-13091
-12909
-12647
-12912
-13213
-12862
-13064
-11672
-11542
-10617
-9877
-9420
-8883
-8874
-9684
-9743
-8659
-7121
-9040
-10177
-10954
-13217
-13737
-13521
-15082
-14440
-15422
-16140
-14852
-14925
-15141
-15516
-16708
-16852
-16407
-16953
-16504
-16169
-16281
-16362
-15736
-15712
-15555
-15691
-16082
-17033
-17260
-17780
-18650
-19049
-18529
-18832
-19257
-20181
-19725
-19377
-18024
-17257
-17323
-17011
-15989
-14662
-14136
-13557
-12626
-12647
-14230
-13970
-13368
-13602
-12147
-11449
-12312
-12691
-12408
-11196
-11374
-12341
-12266
-12318
-12264
-12161
-11924
-10996
-10522
-10076
-9596
-9247
-9229
-9091
-9251
-10239
-12200
-12940
-11421
-11884
-13103
-12372
-14416
-13882
-12475
-14862
-15274
-13445
-15397
-16469
-15809
-18273
-18453
-17933
-17864
-16138
-15552
-15854
-15758
-16735
-16809
-16468
-16253
-16629
-17997
-17849
-17152
-17452
-17859
-19573
-20201
-21176
-20267
-18017
-17493
-16812
-15508
-14773
-14870
-14339
-13940
-13493
-14683
-13767
-13876
-14377
-13692
-13636
-13757
-13507
-12665
-12164
-11529
-12123
-12086
-12104
-11918
-11361
-10805
-10265
-9708
-10142
-9862
-9493
-9669
-10068
-10657
-10944
-12200
-12817
-11772
-12764
-13185
-14525
-13707
-13578
-14785
-16048
-15865
-15089
-14017
-15970
-17034
-15951
-17041
-16559
-16645
-16052
-15705
-14513
-16024
-16267
-15986
-15937
-16127
-15516
-15545
-15384
-15033
-15496
-15476
-15462
-15630
-15402
-15252
-16102
-15842
-16627
-17420
-17994
-17894
-17133
-17449
-17597
-16689
-16775
-15915
-14902
-14142
-13641
-13013
-14033
-13536
-18089
-14518
-13445
-12305
-12540
-13785
-14191
-14097
-14458
-14760
-14410
-14275
-14753
-13940
-14171
-14634
-14562
-13936
-13898
-12598
-12828
-12985
-11875
-11368
-11303
-10053
-10083
-10136
-10430
-11029
-10517
-10566
-12048
-11801
-12481
-13733
-13140
-13616
-14837
-12640
-14095
-15871
-15565
-16127
-16819
-16357
-17007
-17501
-16885
-16874
-16525
-16185
-14813
-15446
-15380
-15051
-15610
-15269
-17956
-16681
-14374
-15111
-17226
-17820
-19295
-19345
-19200
-18987
-18687
-18038
-16214
-15573
-15411
-14108
-12985
-13137
-13580
-13704
-13729
-13864
-13148
-13673
-12984
-13496
-13618
-13636
-13585
-13110
-12950
-12515
-12093
-11594
-11529
-11857
-11347
-10613
-9833
-8852
-8907
-9062
-9018
-9229
-8971
-10509
-11417
-11950
-13596
-13821
-13825
-16145
-17278
-15488
-15027
-17033
-17712
-17537
-17532
-17734
-17587
-16463
-15504
-16326
-15978
-15749
-15976
-16039
-21300
-16973
-13901
-15860
-18029
-18490
-19034
-19013
-20475
-20026
-17812
-16404
-16070
-16710
-16293
-13886
-12458
-13689
-13880
-13440
-13889
-14440
-13828
-13904
-14099
-13808
-13869
-13592
-13862
-13814
-13233
-12632
-13649
-13261
-13067
-13045
-12817
-11489
-12003
-12181
-12447
-11867
-11323
-10781
-10564
-9733
-9605
-9467
-9065
-9332
-8992
-9413
-11703
-13251
-12996
-12656
-15137
-15620
-16596
-19352
-16468
-14476
-16940
-17016
-14260
-15136
-16275
-16653
-15318
-16634
-18217
-17504
-16624
-16011
-15174
-15027
-14826
-14970
-19852
-16724
-14469
-16177
-16947
-16200
-15555
-17112
-19044
-19029
-18650
-17747
-18613
-18289
-16375
-16229
-15938
-15512
-15120
-14920
-14994
-14857
-14217
-14027
-13465
-13554
-13441
-13764
-12451
-11950
-11925
-12133
-11809
-11296
-11472
-11552
